8192
262144
131072
524288
524288
8388608
131072
1048576
8388608
-16777216
-16777216
-16777216
16777216
16777216
-16777216
4194304
4194304
16777216
4194304
-16777216
4194304
-16777216
-16777216
-16777216
-16777216
-16777216
-16777216
2097152
16777216
16777216
16777216
8388608
8388608
8388608
8388608
2097152
8388608
16777216
16777216
4194304
-16777216
-16777216
-16777216
8388608
4194304
8388608
2097152
-16777216
-16777216
-16777216
8388608
-16777216
8388608
8388608
-16777216
8388608
8388608
8388608
2097152
16777216
16777216
8388608
8388608
-16777216
-16777216
-16777216
8388608
-16777216
16777216
-16777216
-16777216
16777216
4194304
8388608
8388608
16777216
16777216
4194304
4194304
-16777216
16777216
4194304
4194304
8388608
16777216
16777216
8388608
-16777216
524288
-16777216
-16777216
16777216
16777216
16777216
-16777216
8388608
16777216
4194304
-16777216
-16777216
16777216
-16777216
16777216
4194304
4194304
4194304
8388608
8388608
8388608
8388608
4194304
16777216
16777216
16777216
16777216
8388608
524288
16777216
-16777216
-16777216
8388608
2097152
16777216
16777216
8388608
8388608
16777216
8388608
-16777216
16777216
1048576
-16777216
8388608
16777216
8388608
8388608
8388608
8388608
4194304
-16777216
16777216
4194304
16777216
4194304
16777216
4194304
4194304
8388608
4194304
16777216
8388608
16777216
16777216
-16777216
16777216
-16777216
524288
4194304
-16777216
-16777216
524288
4194304
16777216
-16777216
-16777216
524288
-16777216
65536
-16777216
4194304
524288
16777216
4194304
524288
524288
524288
524288
524288
524288
131072
32768
