8192
65536
262144
131072
131072
131072
131072
524288
524288
524288
524288
524288
524288
524288
524288
524288
524288
524288
2097152
2097152
524288
524288
2097152
2097152
524288
524288
524288
2097152
2097152
2097152
2097152
32768
262144
32768
262144
262144
262144
262144
2097152
4194304
4194304
4194304
4194304
524288
4194304
4194304
4194304
4194304
32768
4194304
4194304
4194304
32768
32768
4194304
32768
32768
4194304
4194304
4194304
4194304
4194304
4194304
4194304
4194304
4194304
4194304
4194304
4194304
4194304
4194304
4194304
4194304
4194304
4194304
4194304
4194304
4194304
4194304
4194304
4194304
4194304
524288
4194304
4194304
4194304
4194304
4194304
4194304
4194304
4194304
4194304
4194304
4194304
4194304
4194304
4194304
4194304
524288
4194304
4194304
4194304
4194304
4194304
4194304
4194304
4194304
4194304
4194304
4194304
4194304
4194304
4194304
4194304
4194304
4194304
4194304
4194304
4194304
4194304
4194304
4194304
4194304
4194304
4194304
4194304
4194304
4194304
4194304
4194304
4194304
4194304
4194304
4194304
4194304
4194304
4194304
524288
4194304
4194304
4194304
4194304
2097152
2097152
2097152
32768
524288
131072
2097152
2097152
2097152
2097152
2097152
524288
2097152
2097152
2097152
2097152
2097152
2097152
2097152
2097152
2097152
1048576
2097152
1048576
524288
524288
32768
524288
524288
131072
131072
131072
131072
524288
131072
131072
524288
131072
2048
