4356817.2422065259889
4358257.0594852501526
4362548.4506927812472
4369721.9194466266781
4379804.5026358552277
4392794.6339564789087
4408694.3434343673289
4427573.3328883713111
4449465.8643345972523
4474379.3642121972516
4502424.1764589836821
4533607.7106845770031
4568047.2513899002224
4605799.2410325510427
4646985.8748978218064
4691719.2671185461804
4740132.9808770492673
4792434.0891228308901
4848789.2383928913623
4909487.5182212758809
4974876.4812170779333
5045407.4764641588554
5121773.0531799932942
5205136.6643818402663
5298762.0213457588106
5401576.3033244172111
5509893.3622209550813
5622149.9420296549797
5737349.6675824858248
5854757.2605473203585
5973808.5066563561559
6094048.7994480533525
6215098.4390930486843
6336640.3032853556797
6458399.2308882540092
6580135.7025868520141
6701640.5317780515179
6822726.9064411930740
6943225.5661214832217
7062986.6048798067495
7181871.4080508295447
7299754.2636671941727
7416518.2176261469722
7532057.2449545050040
7646269.5753188738599
7759065.5463656373322
7870356.0508769983426
7980058.7255208482966
8088099.2872585011646
8194404.0121483132243
8298905.6205745348707
8401538.1490205135196
8502242.0080001819879
8600955.9164890330285
8697625.5194180849940
8792198.7157542183995
8884622.1130906119943
8974851.3089183326811
9062836.6121430844069
9148538.4981484953314
9231910.4505269788206
9312914.4219637345523
9391511.4928176477551
9467664.0010561030358
9541339.0302005000412
9612501.0013287365437
9681120.2128445878625
9747162.3452905975282
9810602.3055592216551
9871409.7483207043260
9929560.5011238530278
9985029.3231721539050
10037791.9070828016847
10087826.2767132148147
10135112.1664835233241
10179628.6216650810093
10221359.4280290715396
10260284.5602444689721
10296389.6834387332201
10329659.6209743190557
10360083.9160351045430
10387646.3789002411067
10412336.5788511484861
10434144.5820267461240
10453063.7122446205467
10469085.4934726580977
10482201.9322011880577
10492408.2409791126847
10499735.1953797824681
10504080.8897411804646
10505539.9209713935852
10504080.1346194893122
10499703.5911812447011
10492409.5639122501016
10482202.2298084609210
10469084.5380425751209
10453064.4258511234075
10434145.5530203115195
10412337.0602477584034
10387645.3924732096493
10360084.5858376249671
10329661.6733201239258
10296390.6704807505012
10260284.2176264319569
10221358.2919534482062
10179628.6418545655906
10135112.5471676532179
10087826.7340490538627
10037791.5233723931015
9985029.5747694764286
9929561.1835518348962
9871410.2970144674182
9810602.2823646347970
9747163.4276178497821
9681118.8123685624450
9612501.0838349368423
9541335.6203622967005
9467664.4970706962049
9391511.4430465511978
9312914.8225959111005
9231911.0342939756811
9148537.4081328995526
9062837.8625978007913
8974851.0661860257387
8884622.0222097281367
8792197.8376876935363
8697625.0139006953686
8600955.2797378804535
8502241.7276707701385
8401539.6646907515824
8298902.6263271337375
8194405.0491354297847
8088099.2613697014749
7980058.7563560195267
7870355.5332210296765
7759065.4194353716448
7646270.2618699353188
7532057.3154075313359
7416518.5016842084005
7299754.1020154785365
7181871.1459810929373
7062986.6401945399120
6943225.6164735648781
6822726.6861018398777
6701640.9193549975753
6580135.2291056960821
6458399.1137615395710
6336640.2379311081022
6215098.3151577804238
6094048.6845203768462
5973808.8722736304626
5854756.9333504708484
5737349.8088376959786
5622151.7903978200629
5509893.0316775320098
5401576.2157190795988
5298768.1909737717360
5205138.6759236203507
5121762.6665779910982
5045409.3106556860730
4974876.9729834245518
4909487.7800404969603
4848778.7975414823741
4792401.8960959818214
4740123.9178187791258
4691687.7595197223127
4646958.5745868347585
4605779.1857219794765
4568008.4373943153769
4533579.7496311273426
4502372.0058218874037
4474352.0943999616429
4449402.1445028577000
4427533.0109949037433
4408657.1350418804213
4392720.8573179980740
4379749.9122671829537
4369687.6504347091541
4362498.5806526560336
4358175.7894738083705
4356750.3874832913280
