64830.2361741051209
64852.4864289850739
64918.7894348802729
65029.6245863836230
65185.3451917594139
65385.8656913233426
65631.6987835972104
65923.3731381171092
66260.7716320164327
66645.9969459156709
67079.0599365822127
67560.2827332781599
68092.1190258053684
68675.2022346475424
69310.8809788430663
70001.2391577546950
70748.3293943841854
71555.1874602687312
72424.7111011734960
73361.2894195504778
74369.9654009553924
75456.9439893169620
76634.1667571887083
77918.8665615766658
79357.1924333625648
80949.5167197347473
82600.7712413598492
84342.3578353694465
86130.1014558306779
87927.6256217681075
89739.7089859660045
91574.9923626380478
93464.8003104712843
95367.1119683265570
97255.8221435482701
99129.8745578714297
100989.9160299695941
102837.0529910706828
104673.1137684308778
106499.2565237738745
108319.9799661059078
110144.0249053954612
111990.7592202498927
113812.4407025548571
115603.3572395482333
117363.7041760716384
119093.0561248504528
120791.1502040398773
122455.0209990200092
124092.9517047460540
125696.3818326811306
127268.0783908752201
128804.1171483113139
130312.2305853024300
131793.2911298851832
133234.4341510420199
134649.5427913159074
136040.0294949792151
137397.4494271329604
138729.1238790648931
140040.7111187266128
141347.7325131726975
142617.7412812993571
143844.3073038622970
145027.0569569698418
146165.6299636193726
147259.6795034437091
148308.8723183551338
149312.8888140575727
150271.4231574012665
151184.1833695387468
152050.8914148684416
152871.2832857225731
153645.1090827906446
154372.1330912387057
155052.1338525103929
155684.9042317871936
156270.2514810812718
156807.9972979502054
157300.2208072096691
157752.7970210313506
158165.8465349785984
158539.3984316146816
158872.5694654162508
159165.9300294233544
159419.1048646593117
159631.9309970560134
159804.3369328319968
159936.2612884122354
160027.6437443296891
160078.4367436860921
160088.6146951833798
160058.1776210120297
159987.1467567283835
159875.5595596071798
159723.4653013859643
159531.0101838537666
159298.2167854844301
159025.4019013104844
158712.1843587335316
158359.2544354122947
157966.6112426300242
157534.1151615401614
157055.8730731252581
156529.7902443377534
155956.0269251034770
155334.7578892882739
154666.1723814581928
153950.4740592356538
153187.8809312632657
152378.6252907950839
151522.9536449380103
150621.1266395649873
149673.4189799178566
148680.1193469304708
147641.5303092937102
146557.9682312888326
145429.7631764219259
144257.2588068813202
143040.8122788572509
141786.8531922274851
140527.7259203100693
139248.0801538771193
137942.0704155990679
136607.2175169467810
135242.1571552617243
133845.8734982784081
132417.9898233701242
130958.0209530571738
129465.7666600994853
127941.1268097394350
126384.0019316282560
124794.5514393067278
123172.7301084732753
121518.7549406058533
119832.8659692053188
118115.2485246352298
116366.2961810575944
114585.9985604696849
112779.5551623231586
110994.9916409246507
109213.2266721329215
107424.6712575059209
105626.1004118038545
103815.0734110980557
101986.2502904094290
100150.8251063914795
98295.7970644813468
96425.4273485708254
94568.3779994876677
92764.1207965176145
90981.8770326001395
89213.1609804103355
87454.1331231383228
85739.3756063103210
84114.4203493533569
82546.8211073404818
81132.2093872399128
79869.7794455710100
78714.0809686061402
77646.3056878511998
76657.2339762085758
75739.2469271485606
74887.0304980177316
74096.4971610080975
73364.3452758170461
72687.9623983663914
72065.3825161956920
71493.5716124240425
70974.7805920596584
70502.7081694884109
70078.9891162836138
69701.9993960142601
69370.7858048191702
69085.3004659698199
68844.5753746641567
68647.8391653521830
68495.0466042658809
68385.9773324104754
68320.0271175701346
68297.6150695128308
